10
0
0.1	-0.4047734836815519	-0.32352190560385957	0.15129219015513268	0	0	0
0.1	-0.18018081889067372	0.39875226873960545	-0.4143347188041812	0	0	0
0.1	0.3582868194426425	-0.4443343577877835	0.0855353822451195	0	0	0
0.1	-0.510996937286052	-0.16685771831332422	-0.2954125465548805	0	0	0
0.1	-0.3964730850648144	-0.3624504143709728	-0.2217218583798656	0	0	0
0.1	0.13423966188980002	0.2410233466756972	0.2825146208001846	0	0	0
0.1	-0.3007479644463064	-0.08642406155388604	0.2919741343498503	0	0	0
0.1	0.4342837910327978	-0.09010786416567518	0.4283489563510316	0	0	0
0.1	-0.33348012987900655	-0.33683523600886206	-0.28603160041738485	0	0	0
0.1	-0.20827724199238193	0.1605005364381855	-0.42891537444400124	0	0	0
