100
0
10000000000000000000000000000000 -259092630724995.66 -16678159174904.652 98483210998486.11 0.0 0.0 0.0
10000000000000000000000000000000 19855592419288.31 -201548617030681.0 -40060012026358.664 0.0 0.0 0.0
10000000000000000000000000000000 38920574631259.22 348913252085982.7 169617838518806.56 0.0 0.0 0.0
10000000000000000000000000000000 -71175387530343.45 172238328353001.94 71055701816259.52 0.0 0.0 0.0
10000000000000000000000000000000 227576057281729.03 66976482149896.055 -110632064013241.06 0.0 0.0 0.0
10000000000000000000000000000000 265273140505486.22 -62970350037703.18 -198937438761263.1 0.0 0.0 0.0
10000000000000000000000000000000 262735791731460.5 -279984216342384.88 -40276903863663.33 0.0 0.0 0.0
10000000000000000000000000000000 86048530528195.47 -304549237102325.5 -58054786905404.68 0.0 0.0 0.0
10000000000000000000000000000000 -53519491139395.4 -65940871262596.36 330420722132102.9 0.0 0.0 0.0
10000000000000000000000000000000 231597131143452.0 -28303909294.923622 217500234739654.34 0.0 0.0 0.0
10000000000000000000000000000000 -30842508597886.195 291454259198653.75 51758977996870.59 0.0 0.0 0.0
10000000000000000000000000000000 119671393370915.88 -187635162276640.6 -54536456680572.164 0.0 0.0 0.0
10000000000000000000000000000000 217609836940863.53 -15346828258035.914 -188396769820425.9 0.0 0.0 0.0
10000000000000000000000000000000 -174982224237325.7 -224303904281576.06 -147953591366828.38 0.0 0.0 0.0
10000000000000000000000000000000 347426866420710.9 -86373055333369.52 -56164874412411.195 0.0 0.0 0.0
10000000000000000000000000000000 -94707752277453.64 -31861686020775.016 123593360908651.44 0.0 0.0 0.0
10000000000000000000000000000000 120489710610335.19 17738812333270.875 -66133274722050.56 0.0 0.0 0.0
10000000000000000000000000000000 116697640093855.47 325154841483499.7 -31406306767489.836 0.0 0.0 0.0
10000000000000000000000000000000 173877303846313.25 187175291153046.9 264429478138980.22 0.0 0.0 0.0
10000000000000000000000000000000 341932010799588.9 -127757560938475.1 106434500379416.02 0.0 0.0 0.0
10000000000000000000000000000000 -163601028784836.12 45884043597223.13 -20025620389916.695 0.0 0.0 0.0
10000000000000000000000000000000 -186554595034272.78 51813873944892.305 -212469071394612.62 0.0 0.0 0.0
10000000000000000000000000000000 -267868252514663.72 -242218334482928.97 -96296616344985.72 0.0 0.0 0.0
10000000000000000000000000000000 112729495420676.28 -20476476781892.027 -193456486184918.16 0.0 0.0 0.0
10000000000000000000000000000000 162185922186528.53 68870197338183.4 226209437489266.97 0.0 0.0 0.0
10000000000000000000000000000000 -167824206893081.12 37400945011296.68 177214338750208.5 0.0 0.0 0.0
10000000000000000000000000000000 178982026634295.3 118622753638200.4 10479293743457.533 0.0 0.0 0.0
10000000000000000000000000000000 -132731573404034.6 9867591313548.578 124230310784883.38 0.0 0.0 0.0
10000000000000000000000000000000 264976802379717.38 -124247960526518.66 91456001071903.8 0.0 0.0 0.0
10000000000000000000000000000000 -58160356569945.09 224640940373876.72 126764351006356.2 0.0 0.0 0.0
10000000000000000000000000000000 -290897972185961.3 -146223752299701.78 201492599035315.66 0.0 0.0 0.0
10000000000000000000000000000000 52739244502713.6 44703317468655.8 258430249627682.66 0.0 0.0 0.0
10000000000000000000000000000000 -171718307225398.06 -291041715025120.3 39048201606779.65 0.0 0.0 0.0
10000000000000000000000000000000 -212630426921694.1 -178435037960576.94 264530622721873.88 0.0 0.0 0.0
10000000000000000000000000000000 279778560900249.94 58448707221900.32 143972792293615.62 0.0 0.0 0.0
10000000000000000000000000000000 -212104573466502.78 -334229867096810.5 -43047431181233.88 0.0 0.0 0.0
10000000000000000000000000000000 -118817359160462.28 -95428435363313.64 -27031293743410.48 0.0 0.0 0.0
10000000000000000000000000000000 -11847787561781.213 -79554323860802.56 -286349586873583.6 0.0 0.0 0.0
10000000000000000000000000000000 -366780329900802.5 35030538193526.094 155110005313475.25 0.0 0.0 0.0
10000000000000000000000000000000 289222369975331.2 -159558931202682.12 -151993776522538.28 0.0 0.0 0.0
10000000000000000000000000000000 3109750738615.226 -209822011308954.12 274938274513578.12 0.0 0.0 0.0
10000000000000000000000000000000 91867464025534.86 299410959102902.6 -188924942221452.94 0.0 0.0 0.0
10000000000000000000000000000000 -260528107875296.2 -45225716773115.79 29971287481665.375 0.0 0.0 0.0
10000000000000000000000000000000 230869767293657.28 230841432186908.56 212807641926088.94 0.0 0.0 0.0
10000000000000000000000000000000 -67234600813974.72 -232664836645138.56 40322067760831.63 0.0 0.0 0.0
10000000000000000000000000000000 37543869964708.14 295398913771586.56 63189985523347.8 0.0 0.0 0.0
10000000000000000000000000000000 11806065761954.639 264073946273268.72 210858220746594.8 0.0 0.0 0.0
10000000000000000000000000000000 -67026009742525.2 -158315452238410.72 141460019643076.9 0.0 0.0 0.0
10000000000000000000000000000000 -277860772722917.75 193206657945455.9 -130877845070024.8 0.0 0.0 0.0
10000000000000000000000000000000 249619071322444.03 -81384716221555.69 -83367269574568.03 0.0 0.0 0.0
10000000000000000000000000000000 200453673909449.1 -155615476356719.7 -18280073240825.676 0.0 0.0 0.0
10000000000000000000000000000000 122790382726370.5 -101701915526086.39 84477103626670.72 0.0 0.0 0.0
10000000000000000000000000000000 157815374061976.16 284476050540229.44 -221156517263559.16 0.0 0.0 0.0
10000000000000000000000000000000 204898057447097.97 329496325120065.9 -93098239146827.92 0.0 0.0 0.0
10000000000000000000000000000000 169594722918477.47 30210009377828.19 -54720395107792.71 0.0 0.0 0.0
10000000000000000000000000000000 -239791554062358.47 183273195059601.72 57779503028618.39 0.0 0.0 0.0
10000000000000000000000000000000 41961860134187.46 -28247776435891.074 235084986252199.44 0.0 0.0 0.0
10000000000000000000000000000000 -189677071357058.72 238262895205134.44 -45158228786621.21 0.0 0.0 0.0
10000000000000000000000000000000 -14789053417457.393 -308498062189664.2 113346783562797.31 0.0 0.0 0.0
10000000000000000000000000000000 -219553576668233.62 145053562550104.28 120534569155956.17 0.0 0.0 0.0
10000000000000000000000000000000 117826240183800.08 -283654570052123.94 158587551988516.44 0.0 0.0 0.0
10000000000000000000000000000000 -290482135414341.3 -227215207980920.7 650934684961.3616 0.0 0.0 0.0
10000000000000000000000000000000 262817174164601.22 83125757515688.55 -6285133661713.588 0.0 0.0 0.0
10000000000000000000000000000000 311936553619930.5 27516301847019.297 68917267656606.78 0.0 0.0 0.0
10000000000000000000000000000000 -119272350656619.36 112080055365229.0 287783630670446.44 0.0 0.0 0.0
10000000000000000000000000000000 28552370615822.562 5812758419594.384 -248128357578044.4 0.0 0.0 0.0
10000000000000000000000000000000 -247812953172773.0 146560196568165.25 -185925066156829.84 0.0 0.0 0.0
10000000000000000000000000000000 -163172215431618.16 -288452734958110.4 -104331083332587.88 0.0 0.0 0.0
10000000000000000000000000000000 -54507228220711.2 123330150558702.23 46816818802395.42 0.0 0.0 0.0
10000000000000000000000000000000 65448930808235.23 -268788262746453.1 261687535946933.34 0.0 0.0 0.0
10000000000000000000000000000000 -209856208543442.2 97830028805061.25 87739139492871.83 0.0 0.0 0.0
10000000000000000000000000000000 361209515954613.9 7675225420694.778 -135373543148085.66 0.0 0.0 0.0
10000000000000000000000000000000 4579708717470.574 -151159617424927.62 -321045348920770.06 0.0 0.0 0.0
10000000000000000000000000000000 -188905089380993.7 -28496456708073.2 137459809289708.1 0.0 0.0 0.0
10000000000000000000000000000000 -237023637191493.78 -13054404973311.246 132191348194193.61 0.0 0.0 0.0
10000000000000000000000000000000 89516248594873.97 230534572087051.97 -83711532071314.36 0.0 0.0 0.0
10000000000000000000000000000000 -69170414801487.516 209857281174752.88 -263789410204989.25 0.0 0.0 0.0
10000000000000000000000000000000 163412790075223.84 -109875474095397.88 -86032490086431.67 0.0 0.0 0.0
10000000000000000000000000000000 116665150263797.23 -157678115789438.8 -191885366317333.84 0.0 0.0 0.0
10000000000000000000000000000000 -21769813034701.055 380167659452413.2 -72277878268869.72 0.0 0.0 0.0
10000000000000000000000000000000 127817730865203.08 127771088407510.34 77718845277561.12 0.0 0.0 0.0
10000000000000000000000000000000 247650569710005.4 -34717738879300.75 137650656037671.03 0.0 0.0 0.0
10000000000000000000000000000000 117895014667240.9 -232693304988053.78 207166069429516.12 0.0 0.0 0.0
10000000000000000000000000000000 207010878814454.44 -132389482743202.23 30709810187240.254 0.0 0.0 0.0
10000000000000000000000000000000 91849607035565.67 -174777512445601.3 -336317541627078.2 0.0 0.0 0.0
10000000000000000000000000000000 198737891582941.34 -239908521878029.16 221794675605160.78 0.0 0.0 0.0
10000000000000000000000000000000 287328929555958.6 -112189899519069.19 245224265898207.06 0.0 0.0 0.0
10000000000000000000000000000000 -172305079441069.53 97348560916132.3 -126720081302212.39 0.0 0.0 0.0
10000000000000000000000000000000 82068791570320.88 -57705957465154.87 294968796627985.1 0.0 0.0 0.0
10000000000000000000000000000000 -62903621914976.75 -72523652803187.47 -352199486351973.0 0.0 0.0 0.0
10000000000000000000000000000000 -139936713863893.5 -132161507319920.23 93667462638318.9 0.0 0.0 0.0
10000000000000000000000000000000 -180156204120771.47 -48712177590868.86 -236628270846939.84 0.0 0.0 0.0
10000000000000000000000000000000 216474498621868.38 -8078256095074.245 -267214900933572.12 0.0 0.0 0.0
10000000000000000000000000000000 299625980296681.06 -209577642919738.88 -79797046341580.39 0.0 0.0 0.0
10000000000000000000000000000000 143390382517157.56 98446659160884.95 -125863443610248.02 0.0 0.0 0.0
10000000000000000000000000000000 82798445762663.4 -365041176410369.2 -31285934569370.08 0.0 0.0 0.0
10000000000000000000000000000000 -135360434384221.47 184637206135965.47 -249817231611510.1 0.0 0.0 0.0
10000000000000000000000000000000 166807675874250.62 94337930231377.4 140463688675674.05 0.0 0.0 0.0
10000000000000000000000000000000 -281800222964746.56 -188394521263003.56 167441558384066.8 0.0 0.0 0.0
10000000000000000000000000000000 73059907211182.12 -107795341615578.03 308833366433606.44 0.0 0.0 0.0
